%\caption{I de Moran para as variáveis de seguro rural no Brasil por municípios entre 2006 e 2019} 
\footnotesize
\vspace{0.05cm}
\label{moran_table}
\begin{tabularx}{\textwidth}{lXXXXXXX}
    \hline \\[-1.9ex]	 
    Anos & CP1 & CP2 & CP3 & CP4 & CP5 & CP6 & CP7 \\
    \hline \\[-1.9ex]	 
    2006 &  0.5530 &  0.1542 &  0.1233 &  0.1029 &  0.0437 &  0.0226 &  0.0003 \\
    2007 &  0.6514 &  0.1433 &  0.1043 &  0.0703 &  0.0232 &  0.0073 &  0.0002 \\
    2008 &  0.7154 &  0.1497 &  0.0721 &  0.0377 &  0.0181 &  0.0064 &  0.0005 \\
    2009 &  0.7491 &  0.0974 &  0.0815 &  0.0443 &  0.0144 &  0.0129 &  0.0003 \\
    2010 &  0.7076 &  0.1222 &  0.0917 &  0.0475 &  0.0188 &  0.0119 &  0.0003 \\
    2011 &  0.7643 &  0.0945 &  0.0856 &  0.0363 &  0.0150 &  0.0041 &  0.0003 \\
    2012 &  0.7141 &  0.1114 &  0.0815 &  0.0582 &  0.0228 &  0.0117 &  0.0003 \\
    2013 &  0.7180 &  0.1120 &  0.0803 &  0.0474 &  0.0302 &  0.0118 &  0.0004 \\
    2014 &  0.7186 &  0.1126 &  0.0839 &  0.0452 &  0.0269 &  0.0122 &  0.0006 \\
    2015 &  0.7433 &  0.1188 &  0.0689 &  0.0398 &  0.0203 &  0.0086 &  0.0002 \\
    2016 &  0.7414 &  0.1171 &  0.0785 &  0.0332 &  0.0189 &  0.0106 &  0.0003 \\
    2017 &  0.7286 &  0.1070 &  0.0827 &  0.0483 &  0.0211 &  0.0123 &  0.0001 \\
    2018 &  0.7564 &  0.1313 &  0.0674 &  0.0243 &  0.0154 &  0.0051 &  0.0001 \\
    2019 &  0.7797 &  0.0975 &  0.0676 &  0.0314 &  0.0141 &  0.0097 &  0.0001 \\
	\hline 
\end{tabularx}
%\vspace{0.5cm}
\footnotesize{Fonte: Elaboração própria.  }\\
